
____________________________________________________________________
Number of Cities = 5

Tour Cost Matrix
000 092 005 032 076 
059 000 038 025 074 
080 056 000 063 094 
072 067 056 000 089 
019 039 038 036 000 

Best City Tour:
[City 0]->[City 2]->[City 1]->[City 3]->[City 4]->[City 0]
Best Tour Cost = 194
Execution Time = 0.000308 seconds

____________________________________________________________________
Number of Cities = 6

Tour Cost Matrix
000 092 005 032 076 059 
038 000 025 074 080 056 
063 094 000 072 067 056 
089 019 039 000 038 036 
080 007 010 043 000 073 
049 011 029 024 023 000 

Best City Tour:
[City 0]->[City 2]->[City 5]->[City 3]->[City 4]->[City 1]->[City 0]
Best Tour Cost = 168
Execution Time = 0.000249 seconds

____________________________________________________________________
Number of Cities = 7

Tour Cost Matrix
000 092 005 032 076 059 038 
025 000 074 080 056 063 094 
072 067 000 056 089 019 039 
038 036 080 000 007 010 043 
073 049 011 029 000 024 023 
035 022 061 059 080 000 085 
067 094 020 011 011 012 000 

Best City Tour:
[City 0]->[City 2]->[City 6]->[City 3]->[City 4]->[City 5]->[City 1]->[City 0]
Best Tour Cost = 133
Execution Time = 0.000397 seconds

____________________________________________________________________
Number of Cities = 8

Tour Cost Matrix
000 092 005 032 076 059 038 025 
074 000 080 056 063 094 072 067 
056 089 000 019 039 038 036 080 
007 010 043 000 073 049 011 029 
024 023 035 022 000 061 059 080 
085 067 094 020 011 000 011 012 
061 054 044 029 093 026 000 089 
009 006 068 018 024 095 003 000 

Best City Tour:
[City 0]->[City 2]->[City 3]->[City 1]->[City 7]->[City 6]->[City 5]->[City 4]->[City 0]
Best Tour Cost = 165
Execution Time = 0.000355 seconds

____________________________________________________________________
Number of Cities = 9

Tour Cost Matrix
000 092 005 032 076 059 038 025 074 
080 000 056 063 094 072 067 056 089 
019 039 000 038 036 080 007 010 043 
073 049 011 000 029 024 023 035 022 
061 059 080 085 000 067 094 020 011 
011 012 061 054 044 000 029 093 026 
089 009 006 068 018 024 000 095 003 
031 077 043 071 036 055 095 000 027 
072 087 085 097 043 096 063 015 000 

Best City Tour:
[City 0]->[City 2]->[City 6]->[City 5]->[City 1]->[City 3]->[City 4]->[City 8]->[City 7]->[City 0]
Best Tour Cost = 197
Execution Time = 0.000603 seconds

____________________________________________________________________
Number of Cities = 10

Tour Cost Matrix
000 092 005 032 076 059 038 025 074 080 
056 000 063 094 072 067 056 089 019 039 
038 036 000 080 007 010 043 073 049 011 
029 024 023 000 035 022 061 059 080 085 
067 094 020 011 000 011 012 061 054 044 
029 093 026 089 009 000 006 068 018 024 
095 003 031 077 043 071 000 036 055 095 
027 072 087 085 097 043 096 000 063 015 
044 098 079 098 069 061 049 014 000 051 
028 072 076 031 062 097 090 018 011 000 

Best City Tour:
[City 0]->[City 2]->[City 4]->[City 3]->[City 5]->[City 6]->[City 1]->[City 8]->[City 7]->[City 9]->[City 0]
Best Tour Cost = 130
Execution Time = 0.001678 seconds

____________________________________________________________________
Number of Cities = 11

Tour Cost Matrix
000 092 005 032 076 059 038 025 074 080 056 
063 000 094 072 067 056 089 019 039 038 036 
080 007 000 010 043 073 049 011 029 024 023 
035 022 061 000 059 080 085 067 094 020 011 
011 012 061 054 000 044 029 093 026 089 009 
006 068 018 024 095 000 003 031 077 043 071 
036 055 095 027 072 087 000 085 097 043 096 
063 015 044 098 079 098 069 000 061 049 014 
051 028 072 076 031 062 097 090 000 018 011 
012 018 037 021 001 077 003 080 071 000 029 
086 014 014 038 032 049 009 065 005 050 000 

Best City Tour:
[City 0]->[City 2]->[City 7]->[City 1]->[City 5]->[City 6]->[City 3]->[City 10]->[City 8]->[City 9]->[City 4]->[City 0]
Best Tour Cost = 163
Execution Time = 0.008798 seconds

____________________________________________________________________
Number of Cities = 12

Tour Cost Matrix
000 092 005 032 076 059 038 025 074 080 056 063 
094 000 072 067 056 089 019 039 038 036 080 007 
010 043 000 073 049 011 029 024 023 035 022 061 
059 080 085 000 067 094 020 011 011 012 061 054 
044 029 093 026 000 089 009 006 068 018 024 095 
003 031 077 043 071 000 036 055 095 027 072 087 
085 097 043 096 063 015 000 044 098 079 098 069 
061 049 014 051 028 072 076 000 031 062 097 090 
018 011 012 018 037 021 001 077 000 003 080 071 
029 086 014 014 038 032 049 009 065 000 005 050 
015 008 017 080 031 084 010 065 002 085 000 014 
021 042 065 031 008 086 045 035 079 047 040 000 

Best City Tour:
[City 0]->[City 3]->[City 9]->[City 10]->[City 1]->[City 11]->[City 4]->[City 7]->[City 2]->[City 8]->[City 6]->[City 5]->[City 0]
Best Tour Cost = 134
Execution Time = 0.080187 seconds

____________________________________________________________________
Number of Cities = 13

Tour Cost Matrix
000 092 005 032 076 059 038 025 074 080 056 063 094 
072 000 067 056 089 019 039 038 036 080 007 010 043 
073 049 000 011 029 024 023 035 022 061 059 080 085 
067 094 020 000 011 011 012 061 054 044 029 093 026 
089 009 006 068 000 018 024 095 003 031 077 043 071 
036 055 095 027 072 000 087 085 097 043 096 063 015 
044 098 079 098 069 061 000 049 014 051 028 072 076 
031 062 097 090 018 011 012 000 018 037 021 001 077 
003 080 071 029 086 014 014 038 000 032 049 009 065 
005 050 015 008 017 080 031 084 010 000 065 002 085 
014 021 042 065 031 008 086 045 035 079 000 047 040 
091 010 061 055 041 023 080 038 015 001 055 000 001 
005 082 058 043 008 099 009 028 048 052 058 011 000 

Best City Tour:
[City 0]->[City 2]->[City 7]->[City 11]->[City 9]->[City 3]->[City 4]->[City 1]->[City 10]->[City 5]->[City 12]->[City 6]->[City 8]->[City 0]
Best Tour Cost = 126
Execution Time = 0.902737 seconds

____________________________________________________________________
Number of Cities = 14

Tour Cost Matrix
000 092 005 032 076 059 038 025 074 080 056 063 094 072 
067 000 056 089 019 039 038 036 080 007 010 043 073 049 
011 029 000 024 023 035 022 061 059 080 085 067 094 020 
011 011 012 000 061 054 044 029 093 026 089 009 006 068 
018 024 095 003 000 031 077 043 071 036 055 095 027 072 
087 085 097 043 096 000 063 015 044 098 079 098 069 061 
049 014 051 028 072 076 000 031 062 097 090 018 011 012 
018 037 021 001 077 003 080 000 071 029 086 014 014 038 
032 049 009 065 005 050 015 008 000 017 080 031 084 010 
065 002 085 014 021 042 065 031 008 000 086 045 035 079 
047 040 091 010 061 055 041 023 080 038 000 015 001 055 
001 005 082 058 043 008 099 009 028 048 052 000 058 011 
012 014 002 027 054 086 073 025 058 064 075 044 000 098 
025 090 002 041 023 049 067 096 043 063 091 080 072 000 

Best City Tour:
[City 0]->[City 2]->[City 6]->[City 13]->[City 4]->[City 3]->[City 11]->[City 7]->[City 5]->[City 8]->[City 9]->[City 1]->[City 10]->[City 12]->[City 0]
Best Tour Cost = 172
Execution Time = 11.3137 seconds

____________________________________________________________________
Number of Cities = 15

Tour Cost Matrix
000 092 005 032 076 059 038 025 074 080 056 063 094 072 067 
056 000 089 019 039 038 036 080 007 010 043 073 049 011 029 
024 023 000 035 022 061 059 080 085 067 094 020 011 011 012 
061 054 044 000 029 093 026 089 009 006 068 018 024 095 003 
031 077 043 071 000 036 055 095 027 072 087 085 097 043 096 
063 015 044 098 079 000 098 069 061 049 014 051 028 072 076 
031 062 097 090 018 011 000 012 018 037 021 001 077 003 080 
071 029 086 014 014 038 032 000 049 009 065 005 050 015 008 
017 080 031 084 010 065 002 085 000 014 021 042 065 031 008 
086 045 035 079 047 040 091 010 061 000 055 041 023 080 038 
015 001 055 001 005 082 058 043 008 099 000 009 028 048 052 
058 011 012 014 002 027 054 086 073 025 058 000 064 075 044 
098 025 090 002 041 023 049 067 096 043 063 091 000 080 072 
085 027 085 041 056 084 039 087 096 033 012 075 091 000 054 
014 003 023 050 084 025 076 035 058 022 065 001 078 026 000 

Best City Tour:
[City 0]->[City 2]->[City 12]->[City 3]->[City 9]->[City 7]->[City 14]->[City 11]->[City 4]->[City 5]->[City 1]->[City 8]->[City 6]->[City 13]->[City 10]->[City 0]
Best Tour Cost = 135
Execution Time = 151.328 seconds
